2.07151941173074 -1 -3
4.50589401289082 -1 -3
4.50589401289082 -1 -3
6.93538096476126 -1 -3
0.253379629457261 -1 -1
0.253379629457262 -1 -1
2.07151941173074 -1 -1
2.64138391205172 -1 -1
2.7060811081699 -1 -1
2.70608110816991 -1 -1
2.75243878813171 -1 -1
3.37084850266329 -1 -1
4.50589401289082 -1 -1
4.50589401289082 -1 -1
5.08941618820847 -1 -1
5.08941618820847 -1 -1
5.21681327921608 -1 -1
5.21681327921608 -1 -1
5.80033545453372 -1 -1
5.80033545453372 -1 -1
6.93538096476126 -1 -1
7.55379067929283 -1 -1
7.60014835925464 -1 -1
7.60014835925464 -1 -1
7.66484555537282 -1 -1
8.23471005569381 -1 -1
10.0528498379673 -1 -1
10.0528498379673 -1 -1
0.253379629457261 -1 1
0.253379629457264 -1 1
2.07151941173074 -1 1
2.64138391205172 -1 1
2.70608110816991 -1 1
2.70608110816991 -1 1
2.75243878813171 -1 1
3.37084850266329 -1 1
4.50589401289082 -1 1
4.50589401289082 -1 1
5.08941618820847 -1 1
5.08941618820847 -1 1
5.21681327921607 -1 1
5.21681327921608 -1 1
5.80033545453372 -1 1
5.80033545453372 -1 1
6.93538096476126 -1 1
7.55379067929283 -1 1
7.60014835925464 -1 1
7.60014835925464 -1 1
7.66484555537282 -1 1
8.23471005569381 -1 1
10.0528498379673 -1 1
10.0528498379673 -1 1
2.07151941173074 -1 3
4.50589401289082 -1 3
4.50589401289082 -1 3
6.93538096476126 -1 3
1.98827623688261 0 -2
4.3769329532245 0 -2
4.3769329532245 0 -2
4.87118395719701 0 -2
4.87118395719701 0 -2
6.00622946742455 0 -2
6.8943291914399 0 -2
6.8943291914399 0 -2
6.95301532905779 0 -2
7.30067090906744 0 -2
7.3055585583571 0 -2
9.28566935214469 0 -2
9.2856693521447 0 -2
9.73504551022753 0 -2
9.73504551022753 0 -2
11.7822222449887 0 -2
1.98827623688261 0 0
2.39296626251718 0 0
2.39296626251718 0 0
2.82400722243587 0 0
4.3769329532245 0 0
4.3769329532245 0 0
4.85257107065028 0 0
4.85257107065028 0 0
4.87118395719701 0 0
4.87118395719702 0 0
5.32056011527985 0 0
5.32056011527985 0 0
6.00622946742455 0 0
6.8943291914399 0 0
6.89432919143991 0 0
6.95301532905779 0 0
7.18961603298746 0 0
7.30067090906744 0 0
7.3055585583571 0 0
7.41661343443708 0 0
7.65321413836675 0 0
7.71190027598464 0 0
7.71190027598464 0 0
8.6 0 0
9.28566935214469 0 0
9.28566935214469 0 0
9.73504551022753 0 0
9.73504551022753 0 0
9.75365839677426 0 0
9.75365839677427 0 0
10.2292965142 0 0
10.2292965142 0 0
11.7822222449887 0 0
12.2132632049074 0 0
12.2132632049074 0 0
12.6179532305419 0 0
1.98827623688261 0 2
4.3769329532245 0 2
4.3769329532245 0 2
4.87118395719701 0 2
4.87118395719701 0 2
6.00622946742454 0 2
6.8943291914399 0 2
6.8943291914399 0 2
6.95301532905779 0 2
7.30067090906744 0 2
7.3055585583571 0 2
9.28566935214469 0 2
9.2856693521447 0 2
9.73504551022753 0 2
9.73504551022754 0 2
11.7822222449887 0 2
6.37151941173073 1 -3
8.80589401289082 1 -3
8.80589401289083 1 -3
11.2353809647612 1 -3
4.55337962945726 1 -1
4.55337962945727 1 -1
6.37151941173073 1 -1
6.94138391205173 1 -1
7.0060811081699 1 -1
7.0060811081699 1 -1
7.05243878813171 1 -1
7.67084850266329 1 -1
8.80589401289082 1 -1
8.80589401289083 1 -1
9.38941618820846 1 -1
9.38941618820846 1 -1
9.51681327921608 1 -1
9.51681327921609 1 -1
10.1003354545337 1 -1
10.1003354545337 1 -1
11.2353809647613 1 -1
11.8537906792928 1 -1
11.9001483592546 1 -1
11.9001483592546 1 -1
11.9648455553728 1 -1
12.5347100556938 1 -1
14.3528498379673 1 -1
14.3528498379673 1 -1
4.55337962945726 1 1
4.55337962945727 1 1
6.37151941173073 1 1
6.94138391205173 1 1
7.00608110816991 1 1
7.00608110816991 1 1
7.05243878813171 1 1
7.67084850266329 1 1
8.80589401289082 1 1
8.80589401289083 1 1
9.38941618820846 1 1
9.38941618820847 1 1
9.51681327921608 1 1
9.51681327921608 1 1
10.1003354545337 1 1
10.1003354545337 1 1
11.2353809647613 1 1
11.8537906792928 1 1
11.9001483592546 1 1
11.9001483592546 1 1
11.9648455553728 1 1
12.5347100556938 1 1
14.3528498379673 1 1
14.3528498379673 1 1
6.37151941173073 1 3
8.80589401289082 1 3
8.80589401289082 1 3
11.2353809647613 1 3
